0.01007	-131.324	98.23033
0.01038	-119.677	107.79014
0.01068	-123.636	104.33854
0.01099	-121.455	106.21218
0.01129	-125.625	102.68657
0.0119	-124.035	104.0029
0.01221	-123.636	104.33854
0.01251	-125.169	103.06066
0.01282	-122	105.7377
0.01343	-125.789	102.55269
0.01373	-126.883	101.66847
0.01404	-124.144	103.91159
0.01434	-126.915	101.64283
0.01495	-123.953	104.0717
0.01526	-126.822	101.71737
0.01556	-127.783	100.9524
0.01587	-126.854	101.69171
0.01648	-127.137	101.46535
0.01678	-130.614	98.7643
0.01709	-130.172	99.09965
0.0174	-128.998	100.00155
0.01801	-131.399	98.17426
0.01831	-130.24	99.04791
0.01862	-128.908	100.07137
0.01892	-130.858	98.58014
0.01953	-130.755	98.6578
0.01984	-133.34	96.74516
0.02014	-131.101	98.39742
0.02045	-133.616	96.54532
0.02106	-132.34	97.4762
0.02136	-130.69	98.70686
0.02167	-130.954	98.50787
0.02197	-132.241	97.54917
0.02258	-132.517	97.346
0.02289	-131.951	97.76356
0.02319	-130.827	98.6035
0.0235	-132.611	97.277
0.02411	-133.631	96.53449
0.02441	-131.396	98.1765
0.02472	-133.476	96.64659
0.02502	-133.867	96.3643
0.02563	-133.711	96.47673
0.02594	-135.369	95.29508
0.02625	-135.731	95.04093
0.02655	-135.541	95.17415
0.02716	-133.269	96.7967
0.02747	-136.761	94.32514
0.02777	-135.864	94.94789
0.02808	-135.17	95.43538
0.02869	-135.668	95.08506
0.02899	-137.005	94.15715
0.0293	-136.316	94.63306
0.0296	-135.811	94.98494
0.03021	-136.276	94.66084
0.03052	-135.945	94.89132
0.03082	-134.538	95.88369
0.03113	-135.307	95.33875
0.03174	-136.061	94.81042
0.03204	-137.119	94.07887
0.03235	-136.341	94.61571
0.03265	-136.031	94.83133
0.03326	-136.157	94.74357
0.03357	-136.728	94.3479
0.03387	-137.88	93.55962
0.03418	-136.554	94.46812
0.03479	-138.09	93.41734
0.0351	-137.92	93.53248
0.0354	-137.894	93.55012
0.03571	-136.623	94.42041
0.03632	-137.273	93.97332
0.03662	-138.894	92.87658
0.03693	-138.45	93.17443
0.03723	-137.749	93.64859
0.03784	-138.497	93.14281
0.03815	-138.999	92.80642
0.03845	-137.789	93.62141
0.03876	-139.328	92.58728
0.03937	-137.849	93.58066
0.03967	-138.079	93.42478
0.03998	-138.055	93.44102
0.04028	-138.78	92.95288
0.04089	-138.352	93.24043
0.0412	-139.31	92.59924
0.0415	-139.895	92.21202
0.04181	-139.49	92.47975
0.04242	-138.229	93.3234
0.04272	-140.233	91.98976
0.04303	-139.834	92.25224
0.04333	-138.74	92.97967
0.04395	-139.496	92.47577
0.04425	-140.748	91.65317
0.04456	-139.318	92.59392
0.04486	-139.859	92.23575
0.04547	-139.904	92.20608
0.04578	-140.095	92.08037
0.04608	-141.19	91.36624
0.04639	-139.472	92.49168
0.047	-139.303	92.60389
0.0473	-139.599	92.40754
0.04761	-140.544	91.7862
0.04791	-140.942	91.52701
0.04852	-140.972	91.50753
0.04883	-141.579	91.11521
0.04913	-141.536	91.14289
0.04944	-140.856	91.58289
0.05005	-141.2	91.35977
0.05035	-141.369	91.25056
0.05066	-141.746	91.00786
0.05096	-142.016	90.83484
0.05157	-140.805	91.61606
0.05188	-142.193	90.72177
0.05219	-141.034	91.46731
0.05249	-142.308	90.64845
0.0531	-141.42	91.21765
0.05341	-142.175	90.73325
0.05371	-141.934	90.88731
0.05402	-142.09	90.78753
0.05463	-142.103	90.77922
0.05493	-142.062	90.80542
0.05524	-142.698	90.40071
0.05554	-142.75	90.36778
0.05615	-142.089	90.78817
0.05646	-141.86	90.93472
0.05676	-142.952	90.24008
0.05707	-142.343	90.62616
0.05768	-142.168	90.73772
0.05798	-142.867	90.29377
0.05829	-142.823	90.32159
0.05859	-143.056	90.17448
0.0592	-143.701	89.76973
0.05951	-143.837	89.68485
0.05981	-143.697	89.77223
0.06012	-143.65	89.8016
0.06073	-143.378	89.97196
0.06104	-142.89	90.27924
0.06134	-143.466	89.91677
0.06165	-143.952	89.6132
0.06226	-142.812	90.32854
0.06256	-143.638	89.8091
0.06287	-142.989	90.21673
0.06317	-143.721	89.75724
0.06378	-144.319	89.38532
0.06409	-143.503	89.89359
0.06439	-144.309	89.39151
0.0647	-144.092	89.52614
0.06531	-144.085	89.53049
0.06561	-144.207	89.45474
0.06592	-144.663	89.17277
0.06622	-145.034	88.94466
0.06683	-145.102	88.90298
0.06714	-144.146	89.4926
0.06744	-144.592	89.21655
0.06775	-144.058	89.54727
0.06836	-143.652	89.80035
0.06866	-145.054	88.9324
0.06897	-144.764	89.11055
0.06927	-145.361	88.74457
0.06989	-144.944	88.99989
0.07019	-143.955	89.61134
0.0705	-145.009	88.96
0.0708	-145.119	88.89256
0.07141	-145.104	88.90175
0.07172	-144.98	88.97779
0.07202	-145.945	88.38946
0.07233	-145.12	88.89195
0.07294	-146.105	88.29267
0.07324	-145.287	88.78977
0.07355	-145.317	88.77144
0.07385	-145.196	88.84542
0.07446	-145.706	88.53445
0.07477	-146.036	88.33438
0.07507	-145.537	88.63725
0.07538	-146.313	88.16715
0.07599	-145.473	88.67625
0.07629	-146.091	88.30113
0.0766	-145.31	88.77572
0.0769	-146.29	88.18101
0.07751	-145.684	88.54782
0.07782	-145.71	88.53202
0.07813	-146.098	88.2969
0.07843	-145.549	88.62995
0.07904	-146.172	88.2522
0.07935	-146.197	88.2371
0.07965	-146.364	88.13643
0.07996	-146.458	88.07986
0.08057	-146.434	88.0943
0.08087	-146.387	88.12258
0.08118	-146.41	88.10874
0.08148	-146.713	87.92677
0.08209	-147.245	87.60909
0.0824	-147.265	87.59719
0.0827	-147.494	87.46118
0.08301	-146.341	88.15028
0.08362	-146.658	87.95974
0.08392	-147.157	87.66148
0.08423	-146.905	87.81185
0.08453	-147.742	87.31437
0.08514	-146.899	87.81544
0.08545	-146.786	87.88304
0.08575	-147.341	87.55201
0.08606	-147.628	87.3818
0.08667	-147.664	87.36049
0.08698	-147.748	87.31083
0.08728	-147.5	87.45763
0.08759	-147.518	87.44696
0.0882	-147.357	87.5425
0.0885	-148.095	87.10625
0.08881	-148.111	87.09684
0.08911	-147.866	87.24115
0.08972	-148.158	87.06921
0.09003	-147.593	87.40252
0.09033	-148.124	87.0892
0.09064	-148.333	86.96649
0.09125	-148.747	86.72444
0.09155	-148.122	87.09037
0.09186	-147.947	87.19339
0.09216	-148.405	86.9243
0.09277	-148.434	86.90731
0.09308	-149.142	86.49475
0.09338	-148.274	87.00109
0.09369	-148.726	86.73668
0.0943	-148.752	86.72152
0.0946	-149.076	86.53304
0.09491	-148.345	86.95945
0.09521	-148.79	86.69937
0.09583	-149.308	86.39859
0.09613	-148.95	86.60624
0.09644	-149.514	86.27955
0.09674	-149.035	86.55685
0.09735	-148.937	86.6138
0.09766	-148.648	86.7822
0.09796	-149.262	86.42521
0.09827	-149.213	86.45359
0.09888	-149.175	86.47562
0.09918	-149.665	86.1925
0.09949	-149.197	86.46286
0.09979	-149.386	86.35347
0.1004	-149.466	86.30725
0.10071	-149.89	86.06311
0.10101	-149.662	86.19422
0.10132	-150.084	85.95187
0.10193	-149.983	86.00975
0.10223	-149.7	86.17234
0.10254	-149.419	86.3344
0.10284	-149.718	86.16198
0.10346	-150.141	85.91924
0.10376	-149.803	86.1131
0.10407	-149.582	86.24032
0.10437	-150.221	85.87348
0.10498	-150.122	85.93011
0.10529	-150.759	85.56703
0.10559	-150.251	85.85633
0.1059	-150.771	85.56022
0.10651	-150.839	85.52165
0.10681	-150.788	85.55057
0.10712	-151.191	85.32254
0.10742	-150.575	85.67159
0.10803	-150.476	85.72796
0.10834	-150.483	85.72397
0.10864	-151.046	85.40445
0.10895	-151.163	85.33834
0.10956	-151.172	85.33326
0.10986	-150.351	85.79923
0.11017	-151.569	85.10975
0.11047	-151.131	85.35641
0.11108	-151.304	85.25882
0.11139	-151.036	85.4101
0.11169	-150.769	85.56136
0.112	-151.371	85.22108
0.11261	-151.271	85.27742
0.11292	-151.06	85.39653
0.11322	-151.333	85.24248
0.11353	-151.931	84.90696
0.11414	-151.452	85.1755
0.11444	-151.67	85.05308
0.11475	-151.088	85.38071
0.11505	-151.676	85.04971
0.11566	-151.471	85.16482
0.11597	-151.95	84.89635
0.11627	-151.899	84.92485
0.11658	-152.06	84.83493
0.11719	-151.907	84.92038
0.11749	-152.329	84.68512
0.1178	-152.225	84.74298
0.1181	-152.227	84.74187
0.11871	-152.491	84.59516
0.11902	-152.232	84.73908
0.11932	-152.13	84.7959
0.11963	-152.132	84.79478
0.12024	-152.444	84.62124
0.12054	-152.086	84.82043
0.12085	-152.497	84.59183
0.12116	-151.989	84.87456
0.12177	-152.653	84.50538
0.12207	-152.501	84.58961
0.12238	-152.806	84.42077
0.12268	-152.756	84.4484
0.12329	-152.908	84.36445
0.1236	-153.211	84.19761
0.1239	-152.807	84.42022
0.12421	-152.757	84.44785
0.12482	-152.807	84.42022
0.12512	-153.007	84.30987
0.12543	-153.156	84.22785
0.12573	-153.155	84.2284
0.12634	-153.302	84.14763
0.12665	-153.301	84.14818
0.12695	-153.646	83.95923
0.12726	-153.398	84.09497
0.12787	-153.493	84.04292
0.12817	-153.394	84.09716
0.12848	-153.49	84.04456
0.12878	-153.635	83.96524
0.1294	-153.534	84.02048
0.1297	-153.921	83.80923
0.13001	-153.531	84.02212
0.13031	-153.723	83.91718
0.13092	-154.105	83.70916
0.13123	-153.861	83.84191
0.13153	-153.955	83.79072
0.13184	-153.713	83.92264
0.13245	-153.852	83.84681
0.13275	-153.992	83.77059
0.13306	-153.989	83.77222
0.13336	-154.129	83.69612
0.13397	-154.408	83.54489
0.13428	-154.262	83.62396
0.13458	-154.401	83.54868
0.13489	-154.209	83.65271
0.1355	-154.437	83.52921
0.1358	-154.481	83.50541
0.13611	-154.664	83.40661
0.13641	-154.848	83.3075
0.13702	-155.073	83.18663
0.13733	-154.695	83.3899
0.13763	-155.25	83.09179
0.13794	-155.011	83.2199
0.13855	-155.373	83.02601
0.13886	-154.812	83.32687
0.13916	-154.808	83.32903
0.13947	-154.804	83.33118
0.14008	-155.391	83.01639
0.14038	-154.791	83.33818
0.14069	-155.014	83.21829
0.14099	-155.101	83.17161
0.1416	-155.363	83.03135
0.14191	-155.54	82.93687
0.14221	-155.036	83.20648
0.14252	-155.664	82.8708
0.14313	-155.562	82.92514
0.14343	-155.511	82.95233
0.14374	-155.685	82.85962
0.14404	-155.41	83.00624
0.14465	-155.891	82.75013
0.14496	-155.527	82.9438
0.14526	-155.744	82.82823
0.14557	-155.872	82.76021
0.14618	-156.215	82.5785
0.14648	-155.897	82.74694
0.14679	-155.934	82.72731
0.1471	-156.149	82.6134
0.14771	-156.268	82.55049
0.14801	-156.614	82.36812
0.14832	-155.946	82.72094
0.14862	-156.554	82.39968
0.14923	-156.407	82.47713
0.14954	-156.444	82.45762
0.14984	-156.567	82.39284
0.15015	-156.429	82.46553
0.15076	-156.197	82.58801
0.15106	-156.841	82.2489
0.15137	-156.356	82.50403
0.15167	-156.521	82.41706
0.15228	-156.678	82.33447
0.15259	-157.059	82.13474
0.15289	-156.964	82.18445
0.1532	-156.569	82.39179
0.15381	-156.939	82.19754
0.15411	-157.059	82.13474
0.15442	-157.179	82.07203
0.15472	-157.213	82.05428
0.15533	-157.067	82.13056
0.15564	-157.399	81.95732
0.15595	-157.05	82.13945
0.15625	-157.296	82.01099
0.15686	-157.574	81.8663
0.15717	-157.776	81.76148
0.15747	-157.429	81.9417
0.15778	-157.757	81.77133
0.15839	-157.443	81.93441
0.15869	-157.643	81.83047
0.159	-157.843	81.72678
0.1593	-157.708	81.79674
0.15991	-157.73	81.78533
0.16022	-157.596	81.85487
0.16052	-158.002	81.64454
0.16083	-158.034	81.628
0.16144	-157.972	81.66004
0.16174	-158.335	81.47283
0.16205	-158.324	81.47849
0.16235	-158.189	81.54802
0.16296	-158.457	81.4101
0.16327	-158.446	81.41575
0.16357	-158.476	81.40034
0.16388	-158.548	81.36337
0.16449	-158.567	81.35362
0.1648	-158.883	81.19182
0.1651	-158.749	81.26035
0.16541	-158.778	81.24551
0.16602	-158.796	81.2363
0.16632	-158.948	81.15862
0.16663	-158.814	81.2271
0.16693	-158.884	81.19131
0.16754	-158.942	81.16168
0.16785	-159.173	81.0439
0.16815	-158.919	81.17343
0.16846	-158.867	81.2
0.16907	-159.005	81.12952
0.16937	-158.993	81.13565
0.16968	-159.102	81.08006
0.16998	-159.29	80.98437
0.17059	-159.465	80.89549
0.1709	-159.373	80.94219
0.1712	-159.56	80.84733
0.17151	-159.587	80.83365
0.17212	-159.602	80.82605
0.17242	-159.59	80.83213
0.17273	-159.617	80.81846
0.17303	-159.368	80.94473
0.17364	-159.697	80.77797
0.17395	-159.803	80.72439
0.17425	-159.869	80.69107
0.17456	-160.052	80.59881
0.17517	-159.948	80.65121
0.17548	-160.288	80.48014
0.17578	-160.274	80.48717
0.17609	-160.3	80.47411
0.1767	-160.39	80.42895
0.177	-160.181	80.5339
0.17731	-160.401	80.42344
0.17761	-160.271	80.48867
0.17822	-160.515	80.36632
0.17853	-160.54	80.35381
0.17883	-160.643	80.30229
0.17914	-160.436	80.40589
0.17975	-160.755	80.24634
0.18005	-160.741	80.25333
0.18036	-160.688	80.2798
0.18066	-160.598	80.32479
0.18127	-160.8	80.22388
0.18158	-161.054	80.09736
0.18188	-160.886	80.181
0.18219	-160.72	80.26381
0.1828	-160.92	80.16406
0.1831	-161.21	80.01985
0.18341	-160.967	80.14065
0.18372	-161.029	80.10979
0.18433	-161.227	80.01141
0.18463	-161.553	79.84996
0.18494	-161.311	79.96975
0.18524	-161.447	79.90238
0.18585	-161.681	79.78674
0.18616	-161.666	79.79414
0.18646	-161.877	79.69014
0.18677	-161.635	79.80945
0.18738	-161.717	79.76898
0.18768	-161.964	79.64733
0.18799	-161.799	79.72855
0.18829	-161.858	79.69949
0.1889	-161.976	79.64143
0.18921	-161.998	79.63061
0.18951	-161.982	79.63848
0.18982	-162.115	79.57314
0.19043	-162.232	79.51576
0.19073	-162.179	79.54174
0.19104	-162.089	79.58591
0.19134	-162.258	79.50301
0.19196	-162.633	79.3197
0.19226	-162.469	79.39976
0.19257	-162.526	79.37192
0.19287	-162.363	79.4516
0.19348	-162.624	79.32409
0.19379	-162.791	79.24271
0.19409	-162.628	79.32213
0.1944	-163.088	79.0984
0.19501	-163.054	79.11489
0.19531	-162.708	79.28313
0.19562	-163.093	79.09598
0.19592	-163.003	79.13965
0.19653	-163.005	79.13868
0.19684	-163.243	79.0233
0.19714	-163.481	78.90825
0.19745	-163.427	78.93433
0.19806	-163.066	79.10907
0.19836	-163.374	78.95993
0.19867	-163.502	78.89812
0.19898	-163.592	78.85471
0.19959	-163.341	78.97588
0.19989	-163.72	78.79306
0.2002	-163.738	78.7844
0.2005	-163.505	78.89667
0.20111	-163.9	78.70653
0.20142	-163.774	78.76708
0.20172	-163.792	78.75843
0.20203	-163.918	78.69789
0.20264	-164.132	78.59528
0.20294	-164.221	78.55268
0.20325	-164.095	78.613
0.20355	-164.113	78.60438
0.20416	-164.254	78.5369
0.20447	-164.129	78.59671
0.20477	-164.147	78.58809
0.20508	-164.093	78.61396
0.20569	-164.233	78.54694
0.20599	-164.427	78.45427
0.2063	-164.267	78.53068
0.2066	-164.46	78.43853
0.20721	-164.494	78.42231
0.20752	-164.721	78.31424
0.20783	-164.632	78.35658
0.20813	-164.789	78.28192
0.20874	-164.926	78.2169
0.20905	-164.872	78.24252
0.20935	-164.679	78.33421
0.20966	-165.009	78.17755
0.21027	-165.006	78.17898
0.21057	-165.021	78.17187
0.21088	-164.863	78.24679
0.21118	-164.879	78.23919
0.21179	-164.945	78.20789
0.2121	-164.961	78.2003
0.2124	-165.115	78.12737
0.21271	-165.027	78.16903
0.21332	-165.264	78.05693
0.21362	-165.314	78.03332
0.21393	-165.226	78.07488
0.21423	-165.447	77.97059
0.21484	-165.1	78.13446
0.21515	-165.526	77.93338
0.21545	-165.267	78.05551
0.21576	-165.214	78.08055
0.21637	-165.346	78.01822
0.21668	-165.531	77.93102
0.21698	-165.546	77.92396
0.21729	-165.323	78.02907
0.2179	-165.556	77.91925
0.2182	-165.604	77.89667
0.21851	-165.585	77.90561
0.21881	-165.464	77.96258
0.21942	-165.426	77.98049
0.21973	-165.206	78.08433
0.22003	-165.69	77.85624
0.22034	-165.738	77.83369
0.22095	-165.398	77.99369
0.22125	-165.68	77.86094
0.22156	-165.46	77.96446
0.22186	-165.575	77.91031
0.22247	-165.736	77.83463
0.22278	-165.717	77.84355
0.22308	-165.598	77.89949
0.22339	-165.579	77.90843
0.224	-165.508	77.94185
0.2243	-165.753	77.82665
0.22461	-165.504	77.94374
0.22492	-165.814	77.79801
0.22553	-165.71	77.84684
0.22583	-165.56	77.91737
0.22614	-165.444	77.972
0.22644	-165.556	77.91925
0.22705	-165.356	78.0135
0.22736	-165.403	77.99133
0.22766	-165.32	78.03049
0.22797	-165.301	78.03946
0.22858	-165.33	78.02577
0.22888	-165.28	78.04937
0.22919	-165.39	77.99746
0.22949	-165.116	78.12689
0.2301	-165.4	77.99274
0.23041	-165.35	78.01633
0.23071	-165.268	78.05504
0.23102	-165.314	78.03332
0.23163	-165.056	78.15529
0.23193	-165.102	78.13352
0.23224	-165.338	78.02199
0.23254	-165.004	78.17992
0.23315	-164.907	78.22591
0.23346	-164.858	78.24916
0.23377	-164.904	78.22733
0.23407	-165.043	78.16145
0.23468	-165.072	78.14772
0.23499	-164.65	78.34801
0.23529	-164.695	78.3266
0.2356	-164.616	78.36419
0.23621	-164.676	78.33564
0.23651	-164.536	78.40229
0.23682	-164.612	78.3661
0.23712	-164.35	78.49103
0.23773	-164.38	78.4767
0.23804	-164.181	78.57182
0.23834	-164.348	78.49198
0.23865	-164.515	78.4123
0.23926	-164.058	78.63073
0.23956	-164.163	78.58044
0.23987	-163.906	78.70365
0.24017	-163.951	78.68205
0.24078	-164.041	78.63888
0.24109	-163.786	78.76131
0.24139	-163.771	78.76852
0.2417	-163.786	78.76131
0.24231	-163.549	78.87544
0.24262	-163.623	78.83977
0.24292	-163.461	78.91791
0.24323	-163.387	78.95365
0.24384	-163.477	78.91018
0.24414	-163.286	79.00249
0.24445	-163.067	79.10859
0.24475	-163.053	79.11538
0.24536	-162.91	79.18483
0.24567	-162.896	79.19163
0.24597	-163.116	79.08482
0.24628	-162.725	79.27485
0.24689	-162.728	79.27339
0.24719	-162.485	79.39194
0.2475	-162.587	79.34214
0.2478	-162.345	79.46041
0.24841	-162.349	79.45845
0.24872	-162.109	79.57609
0.24902	-161.87	79.69358
0.24933	-161.972	79.6434
0.24994	-162.202	79.53046
0.25024	-161.711	79.77194
0.25055	-161.812	79.72215
0.25085	-161.633	79.81043
0.25146	-161.61	79.82179
0.25177	-161.293	79.97867
0.25207	-161.337	79.95686
0.25238	-161.327	79.96182
0.25299	-161.36	79.94546
0.2533	-161.156	80.04666
0.2536	-161.063	80.09288
0.25391	-160.998	80.12522
0.25452	-160.814	80.2169
0.25482	-160.722	80.26281
0.25513	-160.658	80.29479
0.25543	-160.621	80.31328
0.25604	-160.574	80.33679
0.25635	-160.376	80.43598
0.25665	-160.393	80.42745
0.25696	-160.223	80.51279
0.25757	-159.991	80.62954
0.25787	-160.089	80.58018
0.25818	-159.788	80.73197
0.25848	-159.938	80.65625
0.25909	-159.604	80.82504
0.2594	-159.648	80.80277
0.25971	-159.666	80.79366
0.26001	-159.552	80.85138
0.26062	-159.301	80.97878
0.26093	-159.319	80.96963
0.26123	-159.181	81.03982
0.26154	-159.018	81.12289
0.26215	-158.951	81.15709
0.26245	-158.737	81.2665
0.26276	-158.936	81.16475
0.26306	-158.723	81.27367
0.26367	-158.581	81.34644
0.26398	-158.6	81.3367
0.26428	-158.389	81.44505
0.26459	-158.433	81.42243
0.2652	-158.243	81.52019
0.2655	-158.161	81.56246
0.26581	-158.003	81.64402
0.26611	-157.721	81.79
0.26672	-157.535	81.88656
0.26703	-157.331	81.99274
0.26733	-157.301	82.00838
0.26764	-157.024	82.15305
0.26825	-157.064	82.13212
0.26855	-156.961	82.18602
0.26886	-156.882	82.22741
0.26916	-156.536	82.40916
0.26977	-156.552	82.40074
0.27008	-156.281	82.54362
0.27039	-156.229	82.5711
0.27069	-156.153	82.61129
0.2713	-156.145	82.61552
0.27161	-155.854	82.76977
0.27191	-155.66	82.87293
0.27222	-155.538	82.93793
0.27283	-155.484	82.96674
0.27313	-155.316	83.05648
0.27344	-155.219	83.10838
0.27374	-155.075	83.18556
0.27435	-155.023	83.21346
0.27466	-155.068	83.18931
0.27496	-154.832	83.31611
0.27527	-154.783	83.34249
0.27588	-154.501	83.49461
0.27618	-154.592	83.44546
0.27649	-154.336	83.58387
0.27679	-154.335	83.58441
0.27741	-154.24	83.63589
0.27771	-154.124	83.69884
0.27802	-153.759	83.89753
0.27832	-153.577	83.99695
0.27893	-153.688	83.93629
0.27924	-153.417	84.08455
0.27954	-153.17	84.22015
0.27985	-153.058	84.28178
0.28046	-153.124	84.24545
0.28076	-152.68	84.49044
0.28107	-152.724	84.4661
0.28137	-152.769	84.44122
0.28198	-152.593	84.53861
0.28229	-152.439	84.62401
0.28259	-152.374	84.66011
0.2829	-152.2	84.7569
0.28351	-152.223	84.74409
0.28381	-151.941	84.90138
0.28412	-151.921	84.91255
0.28442	-151.598	85.09347
0.28503	-151.601	85.09179
0.28534	-151.452	85.1755
0.28564	-151.198	85.31859
0.28595	-151.029	85.41406
0.28656	-150.759	85.56703
0.28686	-150.719	85.58974
0.28717	-150.784	85.55284
0.28748	-150.283	85.83805
0.28809	-150.226	85.87062
0.28839	-150.062	85.96447
0.2887	-149.941	86.03384
0.289	-149.861	86.07977
0.28961	-149.867	86.07632
0.28992	-149.562	86.25186
0.29022	-149.566	86.24955
0.29053	-149.365	86.36561
0.29114	-149.229	86.44432
0.29144	-149.172	86.47735
0.29175	-148.893	86.6394
0.29205	-148.816	86.68423
0.29266	-148.624	86.79621
0.29297	-148.428	86.91083
0.29327	-148.253	87.01342
0.29358	-148.278	86.99875
0.29419	-148.327	86.97001
0.2945	-148.133	87.0839
0.2948	-148.099	87.1039
0.29511	-147.906	87.21756
0.29572	-147.799	87.2807
0.29602	-147.725	87.32442
0.29633	-147.77	87.29783
0.29663	-147.872	87.23761
0.29724	-147.843	87.25472
0.29755	-147.692	87.34393
0.29785	-147.581	87.40963
0.29816	-147.509	87.45229
0.29877	-147.404	87.51459
0.29907	-147.313	87.56865
0.29938	-147.299	87.57697
0.29968	-147.055	87.72228
0.30029	-147.086	87.70379
0.3006	-147.034	87.73481
0.3009	-147.002	87.75391
0.30121	-147.102	87.69425
0.30182	-147.114	87.6871
0.30212	-147.1	87.69545
0.30243	-147.106	87.69187
0.30273	-146.941	87.79034
0.30334	-146.839	87.85132
0.30365	-146.864	87.83637
0.30395	-146.87	87.83278
0.30426	-146.932	87.79572
0.30487	-147.15	87.66565
0.30518	-147.231	87.61742
0.30548	-147.349	87.54725
0.30579	-147.694	87.34275
0.3064	-147.817	87.27007
0.3067	-148.106	87.09978
0.30701	-148.282	86.9964
0.30731	-148.381	86.93835
0.30792	-148.542	86.84412
0.30823	-148.851	86.66385
0.30853	-148.912	86.62834
0.30884	-148.916	86.62602
0.30945	-149.267	86.42232
0.30975	-149.788	86.12172
0.31006	-150.08	85.95416
0.31036	-150.489	85.72055
0.31097	-150.882	85.49728
0.31128	-151.313	85.25375
0.31158	-151.786	84.98808
0.31189	-152.181	84.76748
0.3125	-153.017	84.30436
0.31281	-154.123	83.69938
0.31311	-155.326	83.05113
0.31342	-157.961	81.66573
0.31403	-161.591	79.83118
0.31433	-167.565	76.98505
0.31464	-181.948	70.89938
0.31494	-252.881	51.01214
0.31525	-438.098	29.44547
0.31586	-440.353	29.29468
0.31616	-476.667	27.06292
0.31647	-493.675	26.13055
0.31677	-506.651	25.46131
0.31738	-509.52	25.31795
0.31769	-509.76	25.30603
0.31799	-513.139	25.13939
0.3183	-516.557	24.97304
0.31891	-538.579	23.95192
0.31921	-550.01	23.45412
0.31952	-561.633	22.96874
0.31982	-557.258	23.14906
0.32044	-572.4	22.53669
0.32074	-599.456	21.51951
0.32105	-595.746	21.65352
0.32135	-627.595	20.55466
0.32196	-635.37	20.30313
0.32227	-631.542	20.42619
0.32257	-642.555	20.0761
0.32288	-648.503	19.89197
0.32349	-640.952	20.12631
0.32379	-649.157	19.87193
0.3241	-648.221	19.90062
0.3244	-646.908	19.94101
0.32501	-640.551	20.13891
0.32532	-647.941	19.90922
0.32562	-640.615	20.1369
0.32593	-654.15	19.72025
0.32654	-657.308	19.6255
0.32684	-658.698	19.58409
0.32715	-654.618	19.70615
0.32745	-673.985	19.13989
0.32806	-696.901	18.51052
0.32837	-706.891	18.24892
0.32867	-706.186	18.26714
0.32898	-711.366	18.13413
0.32959	-714.501	18.05456
0.32989	-712.861	18.09609
0.3302	-724.191	17.81298
0.3305	-720.164	17.91259
0.33112	-711.811	18.12279
0.33142	-725.887	17.77136
0.33173	-726.074	17.76678
0.33203	-763.985	16.88515
0.33264	-768.525	16.7854
0.33295	-776.69	16.60894
0.33325	-774.171	16.66299
0.33356	-769.555	16.76293
0.33417	-771.474	16.72124
0.33447	-772.7	16.69471
0.33478	-769.17	16.77132
0.33508	-777.832	16.58456
0.33569	-774.951	16.64621
0.336	-772.994	16.68836
0.3363	-774.747	16.6506
0.33661	-781.329	16.51033
0.33722	-820.712	15.71806
0.33752	-820.256	15.7268
0.33783	-828.182	15.57629
0.33814	-828.316	15.57377
0.33875	-831.614	15.512
0.33905	-829.926	15.54355
0.33936	-834.314	15.4618
0.33966	-828.382	15.57253
0.34027	-811.006	15.90617
0.34058	-812.878	15.86954
0.34088	-833.139	15.48361
0.34119	-869.339	14.83886
0.3418	-876.203	14.72262
0.3421	-889.906	14.49591
0.34241	-882.473	14.61801
0.34271	-887.344	14.53777
0.34332	-886.168	14.55706
0.34363	-882.192	14.62267
0.34393	-885.68	14.56508
0.34424	-884.419	14.58585
0.34485	-891.435	14.47105
0.34515	-894.977	14.41378
0.34546	-890.249	14.49033
0.34576	-890.342	14.48881
0.34637	-891.211	14.47469
0.34668	-890.62	14.48429
0.34698	-893.45	14.43841
0.34729	-890.805	14.48128
0.3479	-895.093	14.41191
0.34821	-887.018	14.54311
0.34851	-889.138	14.50843
0.34882	-884.522	14.58415
0.34943	-890.092	14.49288
0.34973	-872.302	14.78846
0.35004	-879.598	14.66579
0.35034	-878.381	14.68611
0.35095	-872.069	14.79241
0.35126	-880.651	14.64825
0.35156	-878.124	14.69041
0.35187	-874.318	14.75436
0.35248	-883.676	14.59811
0.35278	-880.482	14.65107
0.35309	-879.925	14.66034
0.35339	-877.416	14.70226
0.354	-882.18	14.62287
0.35431	-882.276	14.62127
0.35461	-879.11	14.67393
0.35492	-881.814	14.62894
0.35553	-879.403	14.66904
0.35584	-890	14.49438
0.35614	-883.503	14.60097
0.35645	-886.219	14.55622
0.35706	-881.184	14.63939
0.35736	-887.811	14.53012
0.35767	-884.627	14.58242
0.35797	-880.178	14.65613
0.35858	-881.662	14.63146
0.35889	-890.24	14.49047
0.35919	-888.358	14.52117
0.3595	-885.186	14.57321
0.36011	-885.371	14.57016
0.36041	-889.375	14.50457
0.36072	-879.118	14.6738
0.36102	-877.938	14.69352
0.36163	-878.132	14.69027
0.36194	-878.864	14.67804
0.36224	-887.959	14.5277
0.36255	-881.607	14.63237
0.36316	-886.289	14.55507
0.36346	-887.671	14.53241
0.36377	-891.657	14.46745
0.36407	-886.561	14.55061
0.36468	-883.538	14.60039
0.36499	-890.707	14.48288
0.36529	-892.093	14.46038
0.3656	-890.882	14.48003
0.36621	-889.765	14.49821
0.36652	-901.611	14.30772
0.36682	-892.526	14.45336
0.36713	-897.823	14.36809
0.36774	-892.784	14.44918
0.36804	-894.164	14.42688
0.36835	-894.897	14.41507
0.36865	-893.687	14.43458
0.36926	-899.052	14.34845
0.36957	-910.372	14.17003
0.36987	-900.522	14.32502
0.37018	-905.203	14.25095
0.37079	-900.11	14.33158
0.37109	-904.776	14.25767
0.3714	-909.483	14.18388
0.3717	-905.588	14.24489
0.37231	-909.705	14.18042
0.37262	-918.482	14.04491
0.37293	-999.474	12.90679
0.37323	-1001.89	12.87566
0.37384	-1001.9	12.87554
0.37415	-1002.71	12.86514
0.37445	-1002.72	12.86501
0.37476	-1004.33	12.84438
0.37537	-1001.14	12.88531
0.37567	-1003.54	12.8545
0.37598	-1002.75	12.86462
0.37628	-1000.36	12.89536
0.37689	-1004.36	12.844
0.3772	-1001.18	12.8848
0.3775	-998.809	12.91538
0.37781	-997.241	12.93569
0.37842	-996.476	12.94562
0.37872	-998.057	12.92511
0.37903	-994.933	12.9657
0.37933	-997.292	12.93503
0.37994	-993.412	12.98555
0.38025	-999.674	12.90421
0.38055	-998.898	12.91423
0.38086	-1008.4	12.79254
0.38147	-1005.22	12.83301
0.38177	-1008.4	12.79254
0.38208	-1004.44	12.84298
0.38238	-1000.51	12.89342
0.383	-1003.67	12.85283
0.3833	-1007.62	12.80245
0.38361	-995.882	12.95334
0.38391	-1010	12.77228
0.38452	-1009.21	12.78228
0.38483	-1011.59	12.7522
0.38513	-1008.42	12.79229
0.38544	-1010	12.77228
0.38605	-1021.19	12.63232
0.38635	-1003.72	12.85219
0.38666	-1010	12.77228
0.38696	-1015.55	12.70248
0.38757	-1022.76	12.61293
0.38788	-1071.82	12.0356
0.38818	-1085.23	11.88688
0.38849	-1084.26	11.89752
0.3891	-1088.68	11.84921
0.3894	-1085.89	11.87966
0.38971	-1088.55	11.85063
0.39002	-1092.13	11.81178
0.39063	-1084.73	11.89236
0.39093	-1090.1	11.83378
0.39124	-1094.6	11.78513
0.39154	-1095.45	11.77598
0.39215	-1091.65	11.81697
0.39246	-1100.75	11.71928
0.39276	-1092.42	11.80865
0.39307	-1095.09	11.77985
0.39368	-1093.12	11.80108
0.39398	-1093.96	11.79202
0.39429	-1092.08	11.81232
0.39459	-1098.38	11.74457
0.3952	-1092.78	11.80475
0.39551	-1097.25	11.75666
0.39581	-1095.36	11.77695
0.39612	-1097.1	11.75827
0.39673	-1096.05	11.76954
0.39703	-1096.88	11.76063
0.39734	-1095.9	11.77115
0.39764	-1094.93	11.78158
0.39825	-1098.41	11.74425
0.39856	-1099.24	11.73538
0.39887	-1095.55	11.77491
0.39917	-1100	11.72727
0.39978	-1094.44	11.78685
0.40009	-1098.87	11.73933
0.40039	-1096.09	11.76911
0.4007	-1096.92	11.7602
0.40131	-1102.19	11.70397
0.40161	-1128.1	11.43516
0.40192	-1104.76	11.67674
0.40222	-1099.26	11.73517
0.40283	-1107.26	11.65038
0.40314	-1110.83	11.61294
0.40344	-1110.75	11.61377
0.40375	-1119.9	11.51889
0.40436	-1109.59	11.62592
0.40466	-1113.16	11.58863
0.40497	-1110.33	11.61817
0.40527	-1109.34	11.62854
0.40588	-1378.31	9.35929
0.40619	-1525.95	8.45375
0.40649	-1535.77	8.3997
0.4068	-1523.05	8.46985
0.40741	-1520.18	8.48584
0.40771	-1606.18	8.03148
0.40802	-1594.12	8.09224
0.40832	-1599.07	8.06719
0.40894	-1529.27	8.4354
0.40924	-1567.49	8.22972
0.40955	-1601.93	8.05279
0.40985	-1606.91	8.02783
0.41046	-1572.14	8.20538
0.41077	-1560.69	8.26557
0.41107	-1549.43	8.32564
0.41138	-1533.16	8.41399
0.41199	-1538.88	8.38272
0.41229	-1584.59	8.14091
0.4126	-1565.81	8.23855
0.4129	-1636.2	7.88412
0.41351	-1592.94	8.09823
0.41382	-1557.95	8.28011
0.41412	-1571.57	8.20835
0.41443	-1578.13	8.17423
0.41504	-1585.9	8.13418
0.41534	-1579.78	8.16569
0.41565	-1548.98	8.32806
0.41596	-1553.6	8.3033
0.41657	-1550.63	8.3192
0.41687	-1539.68	8.37836
0.41718	-1561.65	8.26049
0.41748	-1552.28	8.31036
0.41809	-1559.77	8.27045
0.4184	-1552.18	8.31089
0.4187	-1701.74	7.58048
0.41901	-1888.25	6.83172
0.41962	-1697.12	7.60111
0.41992	-1948.03	6.62207
0.42023	-1865.8	6.91392
0.42053	-2269.02	5.68527
0.42114	-2360.94	5.46393
0.42145	-3403.12	3.79064
0.42175	-2937.97	4.39079
0.42206	-2990.6	4.31352
0.42267	-2982.1	4.32581
0.42297	-3003.52	4.29496
0.42328	-3258.24	3.95919
0.42358	-3080.8	4.18722
0.42419	-3183.52	4.05212
0.4245	-3040.5	4.24272
0.4248	-3239.7	3.98185
0.42511	-3058.14	4.21825
0.42572	-3151.89	4.09278
0.42602	-3064.7	4.20922
0.42633	-3163.5	4.07776
0.42664	-3075.79	4.19404
0.42725	-3046.88	4.23384
0.42755	-3186.87	4.04786
0.42786	-3057.83	4.21868
0.42816	-3148.7	4.09693
0.42877	-3005.74	4.29179
0.42908	-3169.55	4.06998
0.42938	-3200.48	4.03065
0.42969	-2826	4.56476
0.4303	-3192.84	4.04029
0.4306	-3057.52	4.21911
0.43091	-2767.81	4.66072
0.43121	-2923.4	4.41267
0.43182	-3161.45	4.08041
0.43213	-3094.97	4.16805
0.43243	-3037.78	4.24652
0.43274	-2817.92	4.57784
0.43335	-3050.69	4.22855
0.43366	-2823.86	4.56822
0.43396	-2854	4.51997
0.43427	-2925.98	4.40878
0.43488	-3081.12	4.18679
0.43518	-2908.37	4.43547
0.43549	-3167.08	4.07315
0.43579	-2978.81	4.33059
0.4364	-2952.39	4.36934
0.43671	-3175.93	4.0618
0.43701	-2914.67	4.42589
0.43732	-3105.03	4.15455
0.43793	-3102.67	4.15771
0.43823	-2820.18	4.57418
0.43854	-3147.55	4.09843
0.43884	-3095.84	4.16688
0.43945	-2884.25	4.47257
0.43976	-2824.45	4.56726
0.44006	-3124.47	4.1287
0.44037	-3073.69	4.19691
0.44098	-2799.58	4.60783
0.44128	-3099.74	4.16164
0.44159	-2869.68	4.49527
0.44189	-2821.65	4.57179
0.4425	-2963.16	4.35346
0.44281	-3064.74	4.20917
0.44311	-2829.42	4.55924
0.44342	-2921.82	4.41506
0.44403	-3118.97	4.13598
0.44434	-3210	4.01869
0.44464	-3096.86	4.16551
0.44495	-3132.06	4.1187
0.44556	-3149.78	4.09552
0.44586	-3028.59	4.25941
0.44617	-2887.95	4.46684
0.44647	-3064.28	4.2098
0.44708	-3160.54	4.08158
0.44739	-3115.93	4.14002
0.44769	-2949.88	4.37306
0.448	-2877.19	4.48354
0.44861	-2920.89	4.41646
0.44891	-2928.65	4.40476
0.44922	-3038.81	4.24508
0.44952	-2932.62	4.3988
0.45013	-3128.39	4.12353
0.45044	-2864.93	4.50273
0.45075	-3087.08	4.17871
0.45105	-2852.31	4.52265
0.45166	-2987.87	4.31746
0.45197	-4484.32	2.87669
0.45227	-4305.65	2.99606
0.45258	-4397.57	2.93344
0.45319	-4181.35	3.08513
0.45349	-4160.84	3.10034
0.4538	-4383.53	2.94283
0.4541	-4465.09	2.88908
0.45471	-4405.28	2.9283
0.45502	-4140.19	3.1158
0.45532	-4322.14	2.98463
0.45563	-4480.06	2.87943
0.45624	-4221.27	3.05595
0.45654	-4177.13	3.08824
0.45685	-4374.43	2.94896
0.45715	-4455.1	2.89556
0.45776	-4487.61	2.87458
0.45807	-4226.29	3.05232
0.45837	-4277.05	3.0161
0.45868	-4304.29	2.99701
0.45929	-4213.91	3.06129
0.45959	-4181.75	3.08483
0.4599	-4352.94	2.96351
0.4602	-4458.38	2.89343
0.46081	-4227.88	3.05117
0.46112	-4184.03	3.08315
0.46143	-4444.02	2.90278
0.46173	-4224.48	3.05363
0.46234	-4414.07	2.92247
0.46265	-4256.5	3.03066
0.46295	-4154.81	3.10484
0.46326	-4527.86	2.84903
0.46387	-4197.33	3.07338
0.46417	-4294.51	3.00384
0.46448	-4408.84	2.92594
0.46478	-4399.05	2.93245
0.46539	-4165.31	3.09701
0.4657	-4248.89	3.03609
0.466	-4193.56	3.07615
0.46631	-4477.84	2.88085
0.46692	-4470.64	2.88549
0.46722	-4216.04	3.05974
0.46753	-4399.68	2.93203
0.46783	-4210	3.06413
0.46845	-4485.22	2.87611
0.46875	-4373.64	2.94949
0.46906	-4414.01	2.92251
0.46936	-4235.27	3.04585
0.46997	-4360.28	2.95853
0.47028	-4266.91	3.02327
0.47058	-4390.68	2.93804
0.47089	-4406.01	2.92782
0.4715	-4436.93	2.90742
0.4718	-4268.95	3.02182
0.47211	-4236.78	3.04477
0.47241	-4262.75	3.02622
0.47302	-4388.53	2.93948
0.47333	-4190.59	3.07833
0.47363	-4262.05	3.02671
0.47394	-4107.63	3.1405
0.47455	-4452.86	2.89701
0.47485	-4356.37	2.96118
0.47516	-4359.16	2.95929
0.47546	-4186.94	3.08101
0.47607	-4379.75	2.94537
0.47638	-3873.86	3.33001
0.47669	-4485.64	2.87584
0.47699	-4775.24	2.70143
0.4776	-4810.61	2.68157
0.47791	-4510	2.86031
0.47821	-4268.15	3.02239
0.47852	-12454.4	1.03578
0.47913	-11994.7	1.07548
0.47943	-9828.75	1.31248
0.47974	-9713.7	1.32802
0.48004	-9719.88	1.32718
0.48065	-14868.5	0.86761
0.48096	-14602.6	0.8834
0.48126	-11957	1.07887
0.48157	-12055.8	1.07002
0.48218	-13514.3	0.95454
0.48248	-11302.9	1.1413
0.48279	-13084.4	0.98591
0.48309	-10289.2	1.25374
0.4837	-10437.6	1.23592
0.48401	-13337.7	0.96718
0.48431	-11593.9	1.11265
0.48462	-9692.93	1.33087
0.48523	-10137.4	1.27252
0.48553	-14215.4	0.90747
0.48584	-9960	1.29518
0.48614	-10773.5	1.19738
0.48675	-10041.4	1.28468
0.48706	-9453.79	1.36453
0.48737	-9404.12	1.37174
0.48767	-13108.4	0.9841
0.48828	-14963.3	0.86211
0.48859	-9772.2	1.32007
0.48889	-13249.7	0.97361
0.4892	-13042.5	0.98907
0.48981	-12451.9	1.03599
0.49011	-11162.8	1.15562
0.49042	-14619.1	0.88241
0.49072	-11333.9	1.13818
0.49133	-9827.07	1.3127
0.49164	-13214.9	0.97617
0.49194	-10685.5	1.20724
0.49225	-13915.2	0.92704
0.49286	-15103.5	0.85411
0.49316	-10435.8	1.23613
0.49347	-13830.5	0.93272
0.49377	-9936.38	1.29826
0.49439	-12099.6	1.06615
0.49469	-14746.4	0.87479
0.495	-13755.8	0.93779
0.4953	-11126.4	1.1594
0.49591	-13781.2	0.93606
0.49622	-11071.2	1.16519
0.49652	-9752.51	1.32274
0.49683	-12533.1	1.02927
0.49744	-9654.97	1.3361
0.49774	-12752.2	1.01159
0.49805	-9553.86	1.35024
0.49835	-10345.4	1.24693
0.49896	-9571.4	1.34777
0.49927	-10235	1.26038
0.49957	-14757.7	0.87412
0.49988	-9937.27	1.29814
0.50049	-10324.5	1.24946
0.50079	-12165.6	1.06037
0.5011	-9725.98	1.32634
0.5014	-13367.7	0.96501
0.50201	-15676.7	0.82288
0.50232	-10910.7	1.18233
0.50262	-11690.9	1.10342
0.50293	-11952	1.07932
0.50354	-10655.2	1.21068
0.50384	-11887.7	1.08516
0.50415	-14375.2	0.89738
0.50446	-10213.7	1.26301
0.50507	-9521.49	1.35483
0.50537	-10833.5	1.19075
0.50568	-6943.05	1.85797
0.50598	-6695.48	1.92667
0.50659	-7420.71	1.73838
0.5069	-7327.18	1.76057
0.5072	-7564.55	1.70532
0.50751	-7086.6	1.82034
0.50812	-7790.37	1.65589
0.50842	-7687.42	1.67807
0.50873	-7133.93	1.80826
0.50903	-6682	1.93056
0.50964	-7086.27	1.82042
0.50995	-7818.41	1.64995
0.51025	-7441.11	1.73361
0.51056	-7221.21	1.7864
0.51117	-7356.49	1.75355
0.51148	-7915.66	1.62968
0.51178	-7238.45	1.78215
0.51209	-7305.65	1.76576
0.5127	-7823.95	1.64878
0.513	-7514.46	1.71669
0.51331	-7228.88	1.78451
0.51361	-7051.84	1.82931
0.51422	-7669.09	1.68208
0.51453	-6948.27	1.85658
0.51483	-7098.24	1.81735
0.51514	-7192.98	1.79342
0.51575	-7081.13	1.82174
0.51605	-6774	1.90434
0.51636	-7119.24	1.81199
0.51666	-7501.15	1.71974
0.51727	-6900.24	1.8695
0.51758	-6821.25	1.89115
0.51788	-7356.32	1.75359
0.51819	-7085	1.82075
0.5188	-6599.15	1.9548
0.5191	-6760	1.90828
0.51941	-7410	1.74089
0.51971	-7105.83	1.81541
0.52033	-6696.27	1.92645
0.52063	-6622.4	1.94793
0.52094	-10547	1.2231
0.52124	-13250.3	0.97356
0.52185	-14501.5	0.88956
0.52216	-12408.6	1.0396
0.52246	-10643.5	1.21201
0.52277	-13605.2	0.94817
0.52338	-9433.08	1.36753
0.52368	-13109.2	0.98404
0.52399	-10416.1	1.23847
0.52429	-9716.21	1.32768
0.5249	-10497.8	1.22883
0.52521	-9571.11	1.34781
0.52551	-14603.2	0.88337
0.52582	-9744.46	1.32383
0.52643	-9646.87	1.33722
0.52673	-11003.6	1.17234
0.52704	-14645.6	0.88081
0.52734	-14410	0.89521
0.52795	-10369.3	1.24406
0.52826	-12463.2	1.03505
0.52856	-13032.6	0.98983
0.52887	-11048.2	1.16761
0.52948	-13779.8	0.93615
0.52978	-10343.3	1.24718
0.53009	-10732.2	1.20199
0.5304	-9559.45	1.34945
0.53101	-15140.4	0.85203
0.53131	-10435.1	1.23621
0.53162	-14406.7	0.89542
0.53192	-14907.4	0.86534
0.53253	-10038.7	1.28503
0.53284	-9818.99	1.31378
0.53314	-14941.6	0.86336
0.53345	-15343.3	0.84076
0.53406	-9572.84	1.34756
0.53436	-11454.4	1.1262
0.53467	-14857.5	0.86825
0.53497	-15253.5	0.84571
0.53558	-15679.6	0.82273
0.53589	-11795.2	1.09367
0.53619	-14651.7	0.88044
0.5365	-9564.35	1.34876
0.53711	-13653.4	0.94482
0.53741	-10682.7	1.20756
0.53772	-9744.81	1.32378
0.53802	-14580.2	0.88476
0.53863	-12893.2	1.00053
0.53894	-12624.3	1.02184
0.53925	-14735	0.87547
0.53955	-14743.3	0.87497
0.54016	-10802.7	1.19415
0.54047	-13738.7	0.93895
0.54077	-10193.9	1.26546
0.54108	-9645.87	1.33736
0.54169	-13986.4	0.92232
0.54199	-9662.17	1.3351
0.5423	-14340.6	0.89954
0.5426	-10055.2	1.28292
0.54321	-10358.8	1.24532
0.54352	-10803.9	1.19401
0.54382	-12738.6	1.01267
0.54413	-13120.3	0.98321
0.54474	-10635	1.21298
0.54504	-14530.3	0.8878
0.54535	-12506.5	1.03146
0.54565	-10846.4	1.18933
0.54627	-9582.19	1.34625
0.54657	-9536.6	1.35268
0.54688	-10870.6	1.18669
0.54718	-11286.7	1.14294
0.54779	-12740.5	1.01252
0.5481	-14853	0.86851
0.5484	-14501.9	0.88954
0.54871	-9835.14	1.31162
0.54932	-9687.42	1.33162
0.54962	-11481.3	1.12357
0.54993	-10426.2	1.23727
0.55023	-10082.6	1.27943
0.55084	-14450	0.89273
0.55115	-9772.16	1.32008
0.55145	-13010	0.99154
0.55176	-13017.2	0.991
0.55237	-13933.1	0.92585
0.55267	-11924.5	1.08181
0.55298	-10247.3	1.25887
0.55328	-9602.59	1.34339
0.55389	-9874.13	1.30644
0.5542	-9419.33	1.36952
0.5545	-9885	1.30501
0.55481	-9629.05	1.3397
0.55542	-9639.63	1.33823
0.55573	-12397.8	1.04051
0.55603	-10021	1.2873
0.55634	-14831.1	0.86979
0.55695	-10320.7	1.24992
0.55725	-14977.2	0.86131
0.55756	-11646.9	1.10759
0.55786	-14634	0.88151
0.55847	-12807.2	1.00725
0.55878	-9697.83	1.33019
0.55908	-9652.11	1.3365
0.55939	-13792	0.93532
0.56	-11199	1.15189
0.5603	-13610	0.94783
0.56061	-14706	0.87719
0.56091	-10573.2	1.22007
0.56152	-9849.57	1.3097
0.56183	-11588.6	1.11316
0.56213	-15108.4	0.85383
0.56244	-12379.1	1.04208
0.56305	-10375.2	1.24335
0.56335	-9674.92	1.33334
0.56366	-11553.8	1.11652
0.56397	-13401.3	0.96259
0.56458	-13713.7	0.94067
0.56488	-10293.3	1.25324
0.56519	-14945.5	0.86314
0.56549	-9661.04	1.33526
0.5661	-9621.4	1.34076
0.56641	-15099.4	0.85434
0.56671	-14866	0.86775
0.56702	-11202.8	1.1515
0.56763	-9903.62	1.30255
0.56793	-11939.5	1.08045
0.56824	-13031	0.98995
0.56854	-10417.8	1.23827
0.56915	-14580.3	0.88476
0.56946	-12286.3	1.04995
0.56976	-13737.9	0.93901
0.57007	-11129	1.15913
0.57068	-9649.17	1.3369
0.57098	-11146.9	1.15727
0.57129	-9862.63	1.30797
0.57159	-10301.2	1.25228
0.5722	-9930.63	1.29901
0.57251	-9780.83	1.31891
0.57281	-11815	1.09183
0.57312	-10216.5	1.26266
0.57373	-9801.67	1.3161
0.57404	-10015.3	1.28803
0.57434	-11627.3	1.10946
0.57465	-9716.19	1.32768
0.57526	-14077.2	0.91638
0.57556	-10487.8	1.23
0.57587	-9889.58	1.3044
0.57617	-9692.05	1.33099
0.57678	-14891.9	0.86624
0.57709	-13812.9	0.93391
0.57739	-10463	1.23292
0.5777	-10827.1	1.19145
0.57831	-10716.2	1.20378
0.57861	-13268.7	0.97221
0.57892	-14947	0.86305
0.57922	-12022.7	1.07297
0.57983	-11525.2	1.11929
0.58014	-13885.9	0.929
0.58044	-11068.1	1.16551
0.58075	-10241.2	1.25962
0.58136	-13057.9	0.98791
0.58166	-9685.13	1.33194
0.58197	-14679.2	0.87879
0.58227	-14039.4	0.91884
0.58289	-10010	1.28871
0.58319	-11056.2	1.16677
0.5835	-11459.1	1.12574
0.5838	-14613.1	0.88277
0.58441	-10768.4	1.19795
0.58472	-14308.5	0.90156
0.58502	-13901.3	0.92797
0.58533	-13237.6	0.9745
0.58594	-10222.8	1.26189
0.58624	-9811.02	1.31485
0.58655	-13738.6	0.93896
0.58685	-14254.4	0.90498
0.58746	-11468.3	1.12484
0.58777	-13866.1	0.93033
0.58807	-14719.9	0.87636
0.58838	-15558.4	0.82913
0.58899	-13506.5	0.9551
0.58929	-13057.3	0.98795
0.5896	-9718.54	1.32736
0.58991	-13817.1	0.93363
0.59052	-12334.8	1.04582
0.59082	-11743.3	1.0985
0.59113	-13010	0.99154
0.59143	-14156	0.91127
0.59204	-12135	1.06304
0.59235	-9813.03	1.31458
0.59265	-11235.4	1.14816
0.59296	-13693.1	0.94208
0.59357	-9933.47	1.29864
0.59387	-12564.8	1.02668
0.59418	-12332.8	1.04599
0.59448	-12825.8	1.00579
0.59509	-10327.5	1.24909
0.5954	-10224.7	1.26165
0.5957	-12059.4	1.0697
0.59601	-14476.7	0.89109
0.59662	-14176.7	0.90994
0.59692	-9839.15	1.31109
0.59723	-10943	1.17884
0.59753	-14407.1	0.89539
0.59815	-10380.4	1.24273
0.59845	-10784.7	1.19614
0.59876	-9771.19	1.32021
0.59906	-10915.6	1.18179
0.59967	-12446.7	1.03642
0.59998	-11853.4	1.0883
0.60028	-12303.8	1.04846
0.60059	-14480.6	0.89085
0.6012	-12638.2	1.02071
0.6015	-11208.9	1.15087
0.60181	-14299.9	0.9021
0.60211	-14733.9	0.87553
0.60272	-14321.6	0.90074
0.60303	-11985.8	1.07627
0.60333	-14763.7	0.87376
0.60364	-10050.6	1.28351
0.60425	-13953.7	0.92449
0.60455	-13305.3	0.96954
0.60486	-14583.5	0.88456
0.60516	-14698.9	0.87762
0.60577	-10189.5	1.26601
0.60608	-14095.1	0.91521
0.60638	-12666.1	1.01847
0.60669	-10993.4	1.17343
0.6073	-14535.5	0.88748
0.6076	-10949.6	1.17813
0.60791	-14657.1	0.88012
0.60821	-9975	1.29323
0.60883	-13581.4	0.94983
0.60913	-12804.9	1.00743
0.60944	-9896.14	1.30354
0.60974	-10581.4	1.21912
0.61035	-12748.9	1.01185
0.61066	-14302.9	0.90191
0.61096	-15898.9	0.81138
0.61127	-15781.7	0.8174
0.61188	-11873.9	1.08642
0.61218	-10794.9	1.19501
0.61249	-11885.7	1.08534
0.61279	-15575.9	0.8282
0.6134	-13968.3	0.92352
0.61371	-14374.3	0.89744
0.61401	-11313.4	1.14024
0.61432	-11992.1	1.07571
0.61493	-10396.6	1.24079
0.61523	-10348.5	1.24656
0.61554	-15891.9	0.81173
0.61584	-14322.1	0.90071
0.61645	-13299.5	0.96996
0.61676	-11968.6	1.07782
0.61706	-16057.6	0.80336
0.61737	-12345.4	1.04492
0.61798	-10084.6	1.27918
0.61829	-10961.4	1.17686
0.61859	-15970.6	0.80773
0.6189	-11665.2	1.10585
0.61951	-10807.9	1.19357
0.61981	-10533.3	1.22469
0.62012	-10430.5	1.23676
0.62042	-11561.1	1.11581
0.62073	-10715.3	1.20389
0.62134	-10139.4	1.27226
0.62164	-12207.6	1.05672
0.62195	-15808.4	0.81602
0.62225	-10154.3	1.2704
0.62286	-12846.5	1.00416
0.62317	-10069.1	1.28115
0.62347	-12621.1	1.0221
0.62378	-11893.7	1.08461
0.62439	-10189.1	1.26606
0.6247	-15286.1	0.8439
0.625	-16136	0.79945
0.62531	-14966.2	0.86194
0.62592	-10919.6	1.18136
0.62622	-10019.8	1.28745
0.62653	-11167.6	1.15513
0.62683	-11295.7	1.14203
0.62744	-12701.4	1.01564
0.62775	-13632.5	0.94627
0.62805	-12792.6	1.0084
0.62836	-11079.9	1.16427
0.62897	-11396.7	1.13191
0.62927	-13313.2	0.96896
0.62958	-10122.7	1.27436
0.62988	-15646.4	0.82447
0.63049	-13969.5	0.92344
0.6308	-10192.3	1.26566
0.6311	-10561	1.22148
0.63141	-15450.3	0.83494
0.63202	-13458.1	0.95853
0.63232	-11716.2	1.10104
0.63263	-15480.1	0.83333
0.63294	-10868.6	1.18691
0.63355	-10236.6	1.26018
0.63385	-11117	1.16038
0.63416	-13591.7	0.94911
0.63446	-10838.1	1.19025
0.63507	-16017.7	0.80536
0.63538	-13707.4	0.9411
0.63568	-14475.3	0.89117
0.63599	-13199.9	0.97728
0.6366	-12807.5	1.00722
0.6369	-11604.4	1.11165
0.63721	-10195.4	1.26528
0.63751	-12985.2	0.99344
0.63812	-14839.8	0.86928
0.63843	-11441.7	1.12745
0.63873	-10320.3	1.24996
0.63904	-11031.1	1.16942
0.63965	-11158.9	1.15603
0.63995	-12061.7	1.0695
0.64026	-13722.4	0.94007
0.64056	-15110.7	0.8537
0.64117	-11880.1	1.08585
0.64148	-11073.2	1.16497
0.64179	-12911.8	0.99909
0.64209	-10323.7	1.24955
0.6427	-15495.3	0.83251
0.64301	-15733.9	0.81989
0.64331	-15741.3	0.8195
0.64362	-10608	1.21606
0.64423	-10358	1.24541
0.64453	-11488.3	1.12288
0.64484	-10168.7	1.2686
0.64514	-10475.3	1.23147
0.64575	-15233	0.84685
0.64606	-15691.5	0.8221
0.64636	-15583.5	0.8278
0.64667	-14231.5	0.90644
0.64728	-13519.6	0.95417
0.64758	-10948.1	1.17829
0.64789	-10266	1.25658
0.64819	-10371	1.24385
0.6488	-14571.6	0.88528
0.64911	-15535.5	0.83036
0.64941	-11093.3	1.16286
0.64972	-10602	1.21675
0.65033	-13246	0.97388
0.65063	-14713.4	0.87675
0.65094	-12782.5	1.00919
0.65124	-12943.3	0.99665
0.65185	-12800.4	1.00778
0.65216	-10234.9	1.26039
0.65247	-12512.9	1.03094
0.65277	-11635	1.10872
0.65338	-12985.8	0.99339
0.65369	-10994.6	1.1733
0.65399	-16002.5	0.80612
0.6543	-10268.4	1.25628
0.65491	-10427.5	1.23711
0.65521	-10853.4	1.18857
0.65552	-11496.6	1.12207
0.65582	-11202.7	1.15151
0.65643	-15484.8	0.83308
0.65674	-11769.6	1.09604
0.65704	-10512.4	1.22712
0.65735	-15286.6	0.84388
0.65796	-10375.4	1.24333
0.65826	-11015.1	1.17112
0.65857	-15100.9	0.85425
0.65887	-10541.7	1.22371
0.65948	-15556.8	0.82922
0.65979	-12802.9	1.00758
0.66009	-15683.9	0.8225
0.6604	-14934.1	0.86379
0.66101	-12826.6	1.00572
0.66132	-15270.6	0.84476
0.66162	-10236.4	1.26021
0.66193	-14094.4	0.91526
0.66254	-14016.5	0.92034
0.66284	-13585	0.94958
0.66315	-12356.6	1.04398
0.66345	-15212.8	0.84797
0.66406	-12303.8	1.04846
0.66437	-11348.5	1.13671
0.66467	-15456.8	0.83458
0.66498	-15355.1	0.84011
0.66559	-10649	1.21138
0.66589	-10450.2	1.23443
0.6662	-13569	0.9507
0.6665	-13010	0.99154
0.66711	-10272.9	1.25573
0.66742	-11705.2	1.10207
0.66773	-12730.9	1.01328
0.66803	-15758.2	0.81862
0.66864	-14330.3	0.90019
0.66895	-14431.1	0.8939
0.66925	-10553.3	1.22237
0.66956	-10167.4	1.26876
0.67017	-13400.2	0.96267
0.67047	-14463.9	0.89188
0.67078	-11281.8	1.14343
0.67108	-11769.4	1.09606
0.67169	-14210	0.90781
0.672	-13117.1	0.98345
0.6723	-15745.7	0.81927
0.67261	-10455.5	1.2338
0.67322	-15655.4	0.824
0.67352	-10371.5	1.24379
0.67383	-10780.7	1.19658
0.67413	-10429.8	1.23684
0.67474	-15050.8	0.8571
0.67505	-15265.2	0.84506
0.67535	-11657.4	1.10659
0.67566	-10355.8	1.24568
0.67627	-10663.8	1.2097
0.67658	-10321.6	1.24981
0.67688	-10936.1	1.17958
0.67719	-13966	0.92367
0.6778	-13552.7	0.95184
0.6781	-12707.1	1.01518
0.67841	-10397.9	1.24064
0.67871	-12229.8	1.0548
0.67932	-12173.9	1.05964
0.67963	-13589.3	0.94928
0.67993	-10985.4	1.17429
0.68024	-15489.2	0.83284
0.68085	-10736	1.20156
0.68115	-14598.2	0.88367
0.68146	-10348	1.24662
0.68176	-15632.4	0.82521
0.68237	-10361.9	1.24495
0.68268	-14923.3	0.86442
0.68298	-15882.3	0.81222
0.68329	-14740.3	0.87515
0.6839	-10433.3	1.23643
0.6842	-11390.7	1.1325
0.68451	-15063.7	0.85636
0.68481	-10903.2	1.18314
0.68542	-10756.4	1.19929
0.68573	-11301.5	1.14144
0.68603	-12855.7	1.00345
0.68634	-15104	0.85408
0.68695	-11857.4	1.08793
0.68726	-14729	0.87582
0.68756	-10489.1	1.22985
0.68787	-10397.1	1.24073
0.68848	-12543.3	1.02844
0.68878	-11951.8	1.07934
0.68909	-11300	1.14159
0.68939	-10923	1.18099
0.69	-13388.7	0.9635
0.69031	-15397.8	0.83778
0.69061	-10634.4	1.21304
0.69092	-13731.2	0.93947
0.69153	-11999.4	1.07505
0.69183	-14003.8	0.92118
0.69214	-11822.5	1.09114
0.69244	-11412	1.13039
0.69305	-14950.8	0.86283
0.69336	-13142.9	0.98152
0.69366	-13073.2	0.98675
0.69397	-15374.9	0.83903
0.69458	-12868.8	1.00242
0.69488	-14330.8	0.90016
0.69519	-10507.7	1.22767
0.6955	-13415.9	0.96155
0.69611	-11952.4	1.07928
0.69641	-11307	1.14089
0.69672	-11839	1.08962
0.69702	-11206.1	1.15116
0.69763	-12105.2	1.06566
0.69794	-13787.1	0.93566
0.69824	-15574.6	0.82827
0.69855	-15796.2	0.81665
0.69916	-11240.4	1.14765
0.69946	-12886.4	1.00106
0.69977	-10929	1.18035
0.70007	-15615.4	0.82611
0.70068	-10352.3	1.2461
0.70099	-10450.9	1.23434
0.70129	-10408.2	1.23941
0.7016	-11170.2	1.15486
0.70221	-14573.3	0.88518
0.70252	-12520.9	1.03028
0.70282	-13800.4	0.93476
0.70313	-15068.8	0.85607
0.70374	-11313.9	1.14019
0.70404	-12755.9	1.0113
0.70435	-13049.5	0.98854
0.70465	-12099	1.0662
0.70526	-15520.1	0.83118
0.70557	-11288	1.14281
0.70587	-10571.6	1.22025
0.70618	-10528.2	1.22528
0.70679	-11144.6	1.15751
0.70709	-15253.4	0.84571
0.7074	-15778.7	0.81756
0.7077	-12279.8	1.05051
0.70831	-11222.6	1.14947
0.70862	-13510	0.95485
0.70892	-15496.7	0.83244
0.70923	-10573.6	1.22002
0.70984	-10930.2	1.18022
0.71014	-12322.2	1.04689
0.71045	-15530	0.83065
0.71075	-12464.5	1.03494
0.71137	-15867.1	0.813
0.71167	-11441.4	1.12748
0.71198	-15667.7	0.82335
0.71228	-10716.4	1.20376
0.71289	-14253.9	0.90502
0.7132	-13920.7	0.92668
0.7135	-11700	1.10256
0.71381	-15398.2	0.83776
0.71442	-14197.9	0.90859
0.71472	-12144.7	1.06219
0.71503	-13398.6	0.96279
0.71533	-12282.3	1.05029
0.71594	-10483.2	1.23054
0.71625	-15450.8	0.83491
0.71655	-11463.7	1.12529
0.71686	-10543.6	1.22349
0.71747	-14889.7	0.86637
0.71777	-15483.7	0.83313
0.71808	-10705.5	1.20499
0.71838	-11113.8	1.16072
0.71899	-14464	0.89187
0.7193	-10439.2	1.23573
0.7196	-12552.6	1.02768
0.71991	-10448.1	1.23467
0.72052	-10550.2	1.22273
0.72083	-10945.2	1.1786
0.72113	-15454.4	0.83471
0.72144	-10755.5	1.19939
0.72205	-14263	0.90444
0.72235	-12338.1	1.04554
0.72266	-13619.2	0.94719
0.72296	-10585.9	1.2186
0.72357	-12966.3	0.99489
0.72388	-10599.3	1.21706
0.72418	-12369.4	1.0429
0.72449	-10422.3	1.23773
0.7251	-10523.3	1.22585
0.7254	-12455	1.03573
0.72571	-11174.3	1.15443
0.72601	-13375.2	0.96447
0.72662	-10499	1.22869
0.72693	-13778.8	0.93622
0.72723	-11522.1	1.11959
0.72754	-12557.4	1.02728
0.72815	-10661.8	1.20993
0.72845	-10388.3	1.24178
0.72876	-10964.1	1.17657
0.72906	-12136.9	1.06287
0.72967	-11182.9	1.15355
0.72998	-11970	1.07769
0.73029	-10838.1	1.19025
0.73059	-11464.5	1.12521
0.7312	-11697.8	1.10277
0.73151	-15180.9	0.84975
0.73181	-11940.3	1.08037
0.73212	-13119.3	0.98328
0.73273	-10587.1	1.21846
0.73303	-15607.4	0.82653
0.73334	-12025	1.07277
0.73364	-15129.5	0.85264
0.73425	-15433.1	0.83587
0.73456	-10520.9	1.22613
0.73486	-11005.4	1.17215
0.73517	-15551.9	0.82948
0.73578	-10492.6	1.22944
0.73608	-13872.1	0.92992
0.73639	-10593.3	1.21775
0.73669	-10644.4	1.2119
0.7373	-10468.9	1.23222
0.73761	-10428.1	1.23704
0.73791	-14664.5	0.87968
0.73822	-14495	0.88996
0.73883	-12115	1.0648
0.73914	-10679.6	1.20791
0.73944	-10499.2	1.22867
0.73975	-11180.5	1.15379
0.74036	-10557.8	1.22185
0.74066	-14630.5	0.88172
0.74097	-11046.4	1.1678
0.74127	-15286.7	0.84387
0.74188	-15203.8	0.84847
0.74219	-15210	0.84813
0.74249	-13602.2	0.94838
0.7428	-15415.1	0.83684
0.74341	-12697.5	1.01595
0.74371	-11188.9	1.15293
0.74402	-10473.5	1.23168
0.74432	-15847.7	0.814
0.74493	-13879.3	0.92944
0.74524	-11421.2	1.12948
0.74554	-12164.2	1.06049
0.74585	-13292.6	0.97046
0.74646	-10463	1.23292
0.74677	-15114.9	0.85346
0.74707	-11396	1.13198
0.74738	-10566	1.2209
0.74799	-12204	1.05703
0.74829	-15239.8	0.84647
0.7486	-13269.5	0.97215
0.7489	-14617.1	0.88253
0.74951	-12801.7	1.00768
0.74982	-15083.6	0.85523
0.75012	-13975.9	0.92302
0.75043	-12366.8	1.04312
0.75104	-10663.7	1.20971
0.75134	-11200.9	1.15169
0.75165	-10535.6	1.22442
0.75195	-14090	0.91554
0.75256	-14688.6	0.87823
0.75287	-14353	0.89877
0.75317	-15339.2	0.84098
0.75348	-11181.9	1.15365
0.75409	-11041.2	1.16835
0.7544	-10711.3	1.20434
0.7547	-11250.9	1.14657
0.75501	-12828.7	1.00556
0.75562	-15294	0.84347
0.75592	-10595.5	1.2175
0.75623	-10554.7	1.2222
0.75653	-11540.2	1.11783
0.75714	-10891.6	1.1844
0.75745	-11090.4	1.16317
0.75775	-13078.4	0.98636
0.75806	-10580.2	1.21926
0.75867	-15645.2	0.82453
0.75897	-15082.7	0.85528
0.75928	-10642.5	1.21212
0.75958	-13537.2	0.95293
0.76019	-11650.2	1.10728
0.7605	-11709.5	1.10167
0.7608	-13860	0.93074
0.76111	-12734.5	1.013
0.76172	-11152.9	1.15665
0.76202	-13152.1	0.98083
0.76233	-15820.1	0.81542
0.76263	-11742.4	1.09858
0.76324	-11535.3	1.11831
0.76355	-15359.7	0.83986
0.76385	-15272.2	0.84467
0.76416	-13400.4	0.96266
0.76477	-15197.9	0.8488
0.76508	-15485.3	0.83305
0.76538	-14260	0.90463
0.76569	-11062.9	1.16606
0.7663	-10560.4	1.22154
0.7666	-12761.3	1.01087
0.76691	-10888.8	1.1847
0.76721	-10573	1.22009
0.76782	-11142.7	1.15771
0.76813	-12984.2	0.99352
0.76843	-13262.6	0.97266
0.76874	-13700.2	0.94159
0.76935	-10558.1	1.22181
0.76965	-14021.1	0.92004
0.76996	-10566.5	1.22084
0.77026	-15494.7	0.83254
0.77087	-10713.4	1.2041
0.77118	-11548.8	1.117
0.77148	-12713.5	1.01467
0.77179	-13754.6	0.93787
0.7724	-10689.3	1.20681
